Element    Z    N    A    A/Z    other N
Co    27    33    60    2.222222222
Ni    28    37    65    2.321428571    35
Cu    29    37    66    2.275862069
Zn    30    39    69    2.3
Ga    31    41    72    2.322580645    39
Ge    32    45    77    2.40625    43
As    33    43    76    2.303030303
Se    34    49    83    2.441176471    45;46;47
Br    35    47    82    2.342857143    45
Kr    36    51    87    2.416666667    49
Rb    37    49    86    2.324324324
Sr    38    51    89    2.342105263
Y    39    51    90    2.307692308
Zr    40    55    95    2.375    53
Nb    41    53    94    2.292682927
Mo    42    57    99    2.357142857
Tc    43    55    98    2.279069767
Ru    44    61    105    2.386363636    59
Rh    45    59    104    2.311111111
Pd    46    65    111    2.413043478    62;63
Ag    47    63    110    2.340425532    61
Cd    48    65    113    2.354166667
In    49    65    114    2.326530612
Sn    50    73    123    2.46    71
Sb    51    73    124    2.431372549    71
Te    52    75    127    2.442307692
I    53    75    128    2.41509434
Xe    54    79    133    2.462962963
Cs    55    79    134    2.436363636
Ba    56    83    139    2.482142857
La    57    83    140    2.456140351
Ce    58    83    141    2.431034483
Pr    59    83    142    2.406779661
Nd    60    89    149    2.483333333    87
Pm    61    86    147    2.409836066
Sm    62    93    155    2.5    89;91
Eu    63    91    154    2.444444444
Gd    64    95    159    2.484375
Tb    65    95    160    2.461538462
Dy    66    99    165    2.5
Ho    67    99    166    2.47761194
Er    68    103    171    2.514705882    101
Tm    69    101    170    2.463768116
Yb    70    107    177    2.528571429    105
Lu    71    105    176    2.478873239
Hf    72    109    181    2.513888889
Ta    73    109    182    2.493150685
W    74    111    185    2.5
Re    75    111    186    2.48
Os    76    117    193    2.539473684    115
Ir    77    117    194    2.519480519    115
Pt    78    119    197    2.525641026
Au    79    119    198    2.506329114
Hg    80    125    205    2.5625    123
Tl    81    125    206    2.543209877    123
Pb    82    127    209    2.548780488
Bi    83    129    212    2.554216867    127
